{
 "cells": [
  {
   "cell_type": "code",
   "execution_count": 7,
   "id": "59d2f046-68d6-4589-8d9c-bf6b9be93f1d",
   "metadata": {},
   "outputs": [],
   "source": [
    "from sklearn import datasets\n",
    "\n",
    "# load iris dataset\n",
    "iris = datasets.load_iris()"
   ]
  },
  {
   "cell_type": "code",
   "execution_count": 8,
   "id": "90a02858-1a30-4677-a5fc-46dd4bd5e9af",
   "metadata": {},
   "outputs": [
    {
     "name": "stdout",
     "output_type": "stream",
     "text": [
      "1\n"
     ]
    }
   ],
   "source": [
    "import pandas as pd\n",
    "\n",
    "# since this is a bunch, create a dataframe\n",
    "iris_df=pd.DataFrame(iris.data)\n",
    "iris_df['class']=iris.target\n",
    "iris_df.columns=['sepal_len', 'sepal_wid', 'petal_len', 'petal_wid', 'class']\n",
    "iris_df.dropna(how=\"all\", inplace=True) # remove any empty lines\n",
    "\n",
    "#view the iris dataframe\n",
    "print(iris_df['class'][51])"
   ]
  },
  {
   "cell_type": "code",
   "execution_count": 35,
   "id": "22c04898-4029-4513-8ea7-1672a2bd89a0",
   "metadata": {},
   "outputs": [],
   "source": [
    "import numpy as np\n",
    "\n",
    "# Define our neural network class\n",
    "class NeuralNetwork:\n",
    "    def __init__(self, input_size, hidden_size, output_size):\n",
    "        # Hidden layer initialization\n",
    "        np.random.seed(42)\n",
    "        self.W1 = np.random.rand(input_size, hidden_size)\n",
    "        self.b1 = np.zeros((1, hidden_size))\n",
    "\n",
    "        # Output layer initialization\n",
    "        self.W2 = np.random.rand(hidden_size, output_size)\n",
    "        self.b2 = np.zeros((1, output_size))\n",
    "\n",
    "    def sigmoid(self, z):\n",
    "        return 1 / (1 + np.exp(-z))\n",
    "\n",
    "    def relu(self, x):\n",
    "        return np.maximum(0, x)\n",
    "\n",
    "    def softmax(self, x):\n",
    "        \"\"\"Compute softmax values for each sets of scores in x.\"\"\"\n",
    "        # Subtract the max value from each score to prevent overflow in exp\n",
    "        e_x = np.exp(x - np.max(x, axis=-1, keepdims=True))\n",
    "        return e_x / e_x.sum(axis=-1, keepdims=True)\n",
    "\n",
    "    def forward(self, x):\n",
    "        # calculate the activations in the hidden layer\n",
    "        self.Z1 = np.dot(x, self.W1) + self.b1\n",
    "        self.A1 = self.relu(self.Z1)\n",
    "\n",
    "        # calculate activations for the output layer\n",
    "        self.Z2 = np.dot(self.A1, self.W2) + self.b2\n",
    "        y_hat = self.softmax(self.Z2)\n",
    "        return y_hat"
   ]
  },
  {
   "cell_type": "code",
   "execution_count": 38,
   "id": "8f2e3aec-b1b2-4e79-8006-8ed8499e464c",
   "metadata": {},
   "outputs": [
    {
     "name": "stdout",
     "output_type": "stream",
     "text": [
      "[[8.25183092e-01 9.73829540e-03 1.65078612e-01]\n",
      " [8.36204221e-01 1.17377573e-02 1.52058022e-01]\n",
      " [8.06040062e-01 1.34198187e-02 1.80540119e-01]\n",
      " [8.10412494e-01 1.42261024e-02 1.75361404e-01]\n",
      " [8.11560837e-01 1.03527707e-02 1.78086392e-01]\n",
      " [8.37678343e-01 7.05334768e-03 1.55268309e-01]\n",
      " [7.89877540e-01 1.36825711e-02 1.96439889e-01]\n",
      " [8.26118890e-01 1.04346148e-02 1.63446495e-01]\n",
      " [8.01215908e-01 1.68525743e-02 1.81931518e-01]\n",
      " [8.33475931e-01 1.17359446e-02 1.54788124e-01]\n",
      " [8.40344417e-01 7.63739505e-03 1.52018188e-01]\n",
      " [8.13507402e-01 1.18877460e-02 1.74604852e-01]\n",
      " [8.27803676e-01 1.28551312e-02 1.59341193e-01]\n",
      " [7.73579262e-01 1.87813750e-02 2.07639362e-01]\n",
      " [8.44383833e-01 5.77585533e-03 1.49840312e-01]\n",
      " [8.26775247e-01 5.56519582e-03 1.67659557e-01]\n",
      " [8.24729074e-01 7.37352518e-03 1.67897401e-01]\n",
      " [8.25952689e-01 9.54814932e-03 1.64499161e-01]\n",
      " [8.62361171e-01 5.83925303e-03 1.31799576e-01]\n",
      " [8.12550580e-01 9.18307738e-03 1.78266343e-01]\n",
      " [8.60618666e-01 7.64875050e-03 1.31732584e-01]\n",
      " [8.19041484e-01 9.09033849e-03 1.71868178e-01]\n",
      " [7.59917176e-01 1.41964200e-02 2.25886404e-01]\n",
      " [8.47109636e-01 9.02904655e-03 1.43861317e-01]\n",
      " [8.23706097e-01 1.15073651e-02 1.64786537e-01]\n",
      " [8.49458776e-01 1.06778631e-02 1.39863361e-01]\n",
      " [8.30915537e-01 9.92069503e-03 1.59163768e-01]\n",
      " [8.36007979e-01 8.96858192e-03 1.55023439e-01]\n",
      " [8.38015612e-01 9.14917301e-03 1.52835215e-01]\n",
      " [8.16534129e-01 1.29966064e-02 1.70469265e-01]\n",
      " [8.29839111e-01 1.22193086e-02 1.57941581e-01]\n",
      " [8.56324217e-01 7.52495148e-03 1.36150832e-01]\n",
      " [8.01505456e-01 8.64488019e-03 1.89849664e-01]\n",
      " [8.17589844e-01 6.87230685e-03 1.75537849e-01]\n",
      " [8.34249216e-01 1.15067375e-02 1.54244047e-01]\n",
      " [8.26991982e-01 1.09819479e-02 1.62026070e-01]\n",
      " [8.51256203e-01 7.39389317e-03 1.41349904e-01]\n",
      " [8.02314776e-01 1.13228747e-02 1.86362350e-01]\n",
      " [7.91606508e-01 1.68590306e-02 1.91534461e-01]\n",
      " [8.33752079e-01 9.71768903e-03 1.56530232e-01]\n",
      " [8.14610747e-01 1.03593721e-02 1.75029880e-01]\n",
      " [8.38728749e-01 1.64362501e-02 1.44835001e-01]\n",
      " [7.79223658e-01 1.65110828e-02 2.04265259e-01]\n",
      " [8.27100654e-01 9.45151635e-03 1.63447830e-01]\n",
      " [8.26930262e-01 8.62168743e-03 1.64448051e-01]\n",
      " [8.29405678e-01 1.23588763e-02 1.58235446e-01]\n",
      " [8.15242728e-01 9.26577821e-03 1.75491494e-01]\n",
      " [8.01059758e-01 1.42380749e-02 1.84702167e-01]\n",
      " [8.32995061e-01 8.20423636e-03 1.58800703e-01]\n",
      " [8.28196463e-01 1.06459302e-02 1.61157607e-01]\n",
      " [9.70989387e-01 1.19319703e-03 2.78174159e-02]\n",
      " [9.58818134e-01 1.92634942e-03 3.92555169e-02]\n",
      " [9.71984545e-01 1.23361099e-03 2.67818441e-02]\n",
      " [9.46363306e-01 4.50469738e-03 4.91319963e-02]\n",
      " [9.66953239e-01 1.78404034e-03 3.12627204e-02]\n",
      " [9.48307538e-01 3.52094678e-03 4.81715155e-02]\n",
      " [9.57188618e-01 1.97609457e-03 4.08352873e-02]\n",
      " [9.11180605e-01 8.28018662e-03 8.05392080e-02]\n",
      " [9.67128548e-01 1.71162205e-03 3.11598304e-02]\n",
      " [9.27084259e-01 5.52807055e-03 6.73876703e-02]\n",
      " [9.29018969e-01 7.63746344e-03 6.33435674e-02]\n",
      " [9.47101908e-01 2.99005211e-03 4.99080402e-02]\n",
      " [9.59428075e-01 3.25905605e-03 3.73128691e-02]\n",
      " [9.58518102e-01 2.44671250e-03 3.90351858e-02]\n",
      " [9.31617087e-01 4.27911322e-03 6.41037994e-02]\n",
      " [9.65065209e-01 1.58276722e-03 3.33520235e-02]\n",
      " [9.42218625e-01 3.61928465e-03 5.41620908e-02]\n",
      " [9.47484491e-01 3.67647071e-03 4.88390379e-02]\n",
      " [9.68166163e-01 2.34322191e-03 2.94906147e-02]\n",
      " [9.43617401e-01 4.36249256e-03 5.20201064e-02]\n",
      " [9.50895401e-01 2.56584496e-03 4.65387536e-02]\n",
      " [9.53097742e-01 2.76550097e-03 4.41367572e-02]\n",
      " [9.69213096e-01 2.02308629e-03 2.87638173e-02]\n",
      " [9.59562095e-01 2.55916212e-03 3.78787425e-02]\n",
      " [9.61018728e-01 2.08932268e-03 3.68919495e-02]\n",
      " [9.64532657e-01 1.71866026e-03 3.37486822e-02]\n",
      " [9.72844443e-01 1.39722021e-03 2.57583369e-02]\n",
      " [9.70991095e-01 1.37153211e-03 2.76373726e-02]\n",
      " [9.54590483e-01 2.66539673e-03 4.27441207e-02]\n",
      " [9.39246813e-01 4.33231702e-03 5.64208696e-02]\n",
      " [9.41408981e-01 4.80000037e-03 5.37910189e-02]\n",
      " [9.39815346e-01 4.96575768e-03 5.52188962e-02]\n",
      " [9.45735058e-01 3.62839228e-03 5.06365492e-02]\n",
      " [9.63150121e-01 2.41997668e-03 3.44299020e-02]\n",
      " [9.36022561e-01 4.22253226e-03 5.97549070e-02]\n",
      " [9.45925999e-01 2.55451693e-03 5.15194843e-02]\n",
      " [9.67487499e-01 1.48594510e-03 3.10265558e-02]\n",
      " [9.67650237e-01 2.28043588e-03 3.00693268e-02]\n",
      " [9.36373460e-01 3.98018443e-03 5.96463551e-02]\n",
      " [9.42522078e-01 4.46364290e-03 5.30142792e-02]\n",
      " [9.45103852e-01 4.29235140e-03 5.06037971e-02]\n",
      " [9.56042030e-01 2.47096255e-03 4.14870071e-02]\n",
      " [9.48733542e-01 3.59486383e-03 4.76715946e-02]\n",
      " [9.18283732e-01 7.71986411e-03 7.39964034e-02]\n",
      " [9.43933368e-01 3.98289356e-03 5.20837387e-02]\n",
      " [9.40510280e-01 3.70994075e-03 5.57797788e-02]\n",
      " [9.42862490e-01 3.65248214e-03 5.34850274e-02]\n",
      " [9.56767532e-01 2.44284381e-03 4.07896243e-02]\n",
      " [9.12081408e-01 7.21297705e-03 8.07056153e-02]\n",
      " [9.43633128e-01 3.72014010e-03 5.26467323e-02]\n",
      " [9.69339574e-01 1.36747618e-03 2.92929495e-02]\n",
      " [9.59741967e-01 2.66183732e-03 3.75961952e-02]\n",
      " [9.81178897e-01 8.08407203e-04 1.80126962e-02]\n",
      " [9.70007932e-01 1.69615194e-03 2.82959160e-02]\n",
      " [9.73752713e-01 1.29217203e-03 2.49551154e-02]\n",
      " [9.87670894e-01 4.90201879e-04 1.18389038e-02]\n",
      " [9.31215755e-01 6.10187550e-03 6.26823695e-02]\n",
      " [9.84873507e-01 6.94083397e-04 1.44324092e-02]\n",
      " [9.79940800e-01 1.21802109e-03 1.88411791e-02]\n",
      " [9.79014837e-01 6.54993056e-04 2.03301704e-02]\n",
      " [9.66615106e-01 1.47717808e-03 3.19077161e-02]\n",
      " [9.71863390e-01 1.61496274e-03 2.65216476e-02]\n",
      " [9.75884644e-01 1.08655002e-03 2.30288063e-02]\n",
      " [9.59841871e-01 2.88328257e-03 3.72748464e-02]\n",
      " [9.59349981e-01 2.39362562e-03 3.82563938e-02]\n",
      " [9.66871238e-01 1.46058559e-03 3.16681769e-02]\n",
      " [9.71348737e-01 1.46438611e-03 2.71868768e-02]\n",
      " [9.84568534e-01 4.26364992e-04 1.50051009e-02]\n",
      " [9.90710502e-01 4.20484255e-04 8.86901372e-03]\n",
      " [9.68313534e-01 2.55351140e-03 2.91329546e-02]\n",
      " [9.76661858e-01 9.29646273e-04 2.24084961e-02]\n",
      " [9.51904960e-01 3.12166032e-03 4.49733794e-02]\n",
      " [9.89350611e-01 4.58006969e-04 1.01913820e-02]\n",
      " [9.67418515e-01 1.88839974e-03 3.06930848e-02]\n",
      " [9.72837166e-01 1.13047650e-03 2.60323579e-02]\n",
      " [9.80895396e-01 7.77644966e-04 1.83269588e-02]\n",
      " [9.63605862e-01 2.06392223e-03 3.43302154e-02]\n",
      " [9.59684648e-01 2.18327761e-03 3.81320744e-02]\n",
      " [9.72988230e-01 1.47940944e-03 2.55323610e-02]\n",
      " [9.81267131e-01 8.39683951e-04 1.78931853e-02]\n",
      " [9.85613260e-01 6.48618278e-04 1.37381213e-02]\n",
      " [9.84972771e-01 3.95927609e-04 1.46313017e-02]\n",
      " [9.73127939e-01 1.44937961e-03 2.54226817e-02]\n",
      " [9.67169926e-01 1.94428650e-03 3.08857877e-02]\n",
      " [9.69470541e-01 2.17885728e-03 2.83506016e-02]\n",
      " [9.87021279e-01 4.67521479e-04 1.25112000e-02]\n",
      " [9.65040047e-01 1.47196914e-03 3.34879843e-02]\n",
      " [9.68681872e-01 1.57857233e-03 2.97395559e-02]\n",
      " [9.56600114e-01 2.39403286e-03 4.10058535e-02]\n",
      " [9.75704161e-01 1.01500493e-03 2.32808337e-02]\n",
      " [9.74598041e-01 1.08608152e-03 2.43158774e-02]\n",
      " [9.74263347e-01 1.01724032e-03 2.47194123e-02]\n",
      " [9.59741967e-01 2.66183732e-03 3.75961952e-02]\n",
      " [9.76493267e-01 9.77524455e-04 2.25292083e-02]\n",
      " [9.73371308e-01 1.04141914e-03 2.55872733e-02]\n",
      " [9.73089246e-01 1.17844393e-03 2.57323105e-02]\n",
      " [9.70523468e-01 1.83744920e-03 2.76390823e-02]\n",
      " [9.69673114e-01 1.46724617e-03 2.88596394e-02]\n",
      " [9.61321793e-01 1.67155811e-03 3.70066488e-02]\n",
      " [9.57213865e-01 2.48188737e-03 4.03042477e-02]]\n"
     ]
    }
   ],
   "source": [
    "# create a new instance of a neural network\n",
    "nn = NeuralNetwork(input_size = 4, hidden_size = 8, output_size = 3)\n",
    "\n",
    "X = iris_df[['sepal_len', 'sepal_wid', 'petal_len', 'petal_wid']].values\n",
    "#print(X)\n",
    "\n",
    "y_hat = nn.forward(X)\n",
    "\n",
    "print(y_hat)\n",
    "# print(y_hat[:5])\n",
    "# print(y_hat[145:])\n",
    "\n",
    "Y = iris_df['class'].values.reshape(-1, 1)  # Reshape for consistency\n",
    "#print(Y)"
   ]
  },
  {
   "cell_type": "code",
   "execution_count": null,
   "id": "9e3dcd17-2189-4ff9-bf05-db92cd39b3aa",
   "metadata": {},
   "outputs": [],
   "source": []
  },
  {
   "cell_type": "code",
   "execution_count": null,
   "id": "71c72630-d8ef-482c-aee5-3c5cac4e8f3e",
   "metadata": {},
   "outputs": [],
   "source": []
  },
  {
   "cell_type": "code",
   "execution_count": null,
   "id": "533e94f6-85b0-41f1-937d-c3817373b6bf",
   "metadata": {},
   "outputs": [],
   "source": []
  }
 ],
 "metadata": {
  "kernelspec": {
   "display_name": "Python 3 (ipykernel)",
   "language": "python",
   "name": "python3"
  },
  "language_info": {
   "codemirror_mode": {
    "name": "ipython",
    "version": 3
   },
   "file_extension": ".py",
   "mimetype": "text/x-python",
   "name": "python",
   "nbconvert_exporter": "python",
   "pygments_lexer": "ipython3",
   "version": "3.9.2"
  }
 },
 "nbformat": 4,
 "nbformat_minor": 5
}
