Accuracy: 98.67%
W1: [[-1.0031754736257508], [-1.126304235207581], [1.8590558525410037], [3.302900584867424]]

W2: [[-2.760264148187242, 1.23675830279512, 2.634428329226987]]

b1: [[-0.4065550753312385]]

b2: [[4.112524750539146, 1.110165974776181, -5.222690725315326]]